365455
407977
3098314
53534804
12332964
666815
252165
13147943
24766
1090428
2250339
47234139
17918599
47183415
1389117
1875392
12683421
19666
301088
2594505
53751293
1084985
1291963
3639232
3326045
11097345
2043282
3202991
1417559
781861
3511423
3398653
3382091
2240472
594572
11488049
836015
860357
1731520
12536969
3486542
2498842
3503072
2565319
604316
3508679
7289955
50362561
12788636
958
3386266
1742033
12784659
3653265
274221
3662570
173153
3578576
12674795
3381900
1361248
1678895
792885
1430787
2116069
650058
991899
1016478
3525513
3409197
899177
91090
1078046
56882770
3612959
210507
667629
12731729
1451898
11641988
1041117
3376224
10583126
785609
1771711
23414792
2731409
3323557
378126
42357482
347174
1086893
3666772
2402354
3515016
608229
18245851
623703
3604525
3520478
835484
2092491
3554185
684509
1786804
513971
63609
9423775
3833311
2433845
12501349
543268
52617405
284893
1005074
52822086
386665
302645
52946741
1927673
2586888
3295826
618321
758579
959079
12668591
3238885
18030095
55105661
151664
3672437
3591380
3646893
146591
4329
56477036
246075
47698902
2044730
3402538
1140394
40692
892699
13102394
3433311
9028
10438
293271
1647650
2122488
770369
153981
3502345
3676328
905096
3427707
13354990
24508572
9432582
3666774
1178476
562421
3552627
51589731
3591379
619467
4356090
52985779
1934524
143916
924213
130363
1149161
1336166
3428223
558531
168873
858195
12894832
12765032
1572041
2155464
718386
50336068
53599225
2177674
3562787
18117800
2207550
3339287
3664869
536578
19894357
2465901
1174251
551156
225739
1037303
53116810
10879327
3330926
5067
652491
17906082
1089138
3666773
56679002
484538
12627216
1541806
47193743
4935463
2389880
2091389
643488
561175
93195
428094
3579041
1316575
53698962
157169
56235478
2106197
622184
657618
3409313
3503115
113182
826976
4092
29159664
52708950
1385738
148550
587559
5209634
3591879
232973
3558427
3320809
771645
1347801
712025
3577162
1131641
242459
261742
12731730
1286972
2176320
278666
3227914
3499013
47587353
2119618
465372
530121
922076
3479931
922894
6552411
2063961
3641251
80430
3666126
861005
3687202
52469
34108125
2080922
47564357
19227266
298999
415789
953527
48898458
2966847
7189648
903235
125393
3334151
131908
3477689
34265476
1954613
2768929
3483363
278062
1447839
1406273
151401
49131396
24513293
3314207
1691847
472019
39556
1035206
558958
3509683
3857943
2486161
47662218
53721922
18296781
3788
47627869
56698086
3595520
10619910
3507897
3553888
3577354
21666567
848123
48783922
3046499
1426642
12964950
3501713
2643981
53529363
42887483
18978394
3834501
3506759
3502149
49513510
3672444
3634545
3634544
1263617
434058
503043
429855
2257793
3651368
2459278
1128130
8217
3664711
451772
211989
3358609
701613
476136
481628
708487
5633892
3576636
102846
1969886
152557
47768613
47754325
1449754
47495343
47635330
525208
307487
587573
3524189
1225357
3641250
12668326
2076342
1057999
672813
3640463
54143118
214439
3532064
1490111
263286
158551
12215651
1072429
53524733
196415
561732
3568722
12729304
1888444
2436212
10654465
1076454
963849
77131
2675253
9187522
43533604
210929
18235334
53061723
3462669
527971
858306
202951
3428503
10525726
47643837
800474
3406282
22937533
57265823
95029
3352679
47457495
288596
3504254
3382007
1305997
1767364
2461510
560507
922367
2060485
12619454
3571189
615897
21643059
910322
712538
10655560
3019558
47586854
2068823
12549005
10518883
476580
685437
10522668
1745851
1278973
4149291
1587145
2136285
1898307
2536996
56106
1655622
1486999
784560
94573
3503013
1911923
3029572
115741
646621
7229
3289810
248479
3328826
37294
875694
3525563
3352545
1191292
1784713
53557924
3513657
19089370
1102552
251512
2554653
1742888
141604
86159
153538
240070
81038
3157025
348471
2089642
52680288
3832923
587508
10706077
1113438
127196
116603
3483716
3259827
1760136
1028677
47322577
52725559
1857568
23397015
3665176
3517019
2673804
1318762
18323930
218691
566571
12797954
780782
3126948
198316
456928
3568743
12778620
2006343
1470095
3336035
565394
595088
3595405
819767
609127
1474081
1002287
12215675
366937
1687275
370645
264011
2011994
238947
1528936
1542097
520600
2793436
465638
1970229
93856
3483839
3501526
18381073
5006800
12633560
826929
2409938
2047235
303303
147064
1537583
34501412
2382085
447295
3552529
49702252
8537307
1209817
3665502
1818629
276899
939406
1471910
10512222
636717
1786542
54786130
1949782
521551
640486
53040043
120049
419668
3631709
1825334
190992
12943930
639336
3379942
10898577
3358399
3608240
72675
1573784
17921562
3561127
86218
22847418
215326
1187030
671293
55225282
7441313
340764
1080174
53296662
54955407
724559
534298
349425
1196302
265287
1370589
3581996
23642234
3588467
1800888
3365064
642691
735029
695198
52903561
3496704
1629799
937074
63492
441605
2204678
438440
1051203
3663558
2254
53628948
3625363
1045615
3509147
466889
10969077
2452390
598422
12533220
54365411
3569396
34126568
4063
1130209
3461281
948768
3524933
12847994
3316379
23541870
2166923
256438
2114134
18133
985762
105353
251211
314355
1079971
12549645
1451182
160955
723793
2233733
469846
19859579
47725560
3409117
18532
52907505
251287
18246626
692345
53594483
3443365
3639195
12572895
937659
47516123
3179466
12618343
3765326
923447
1470672
52841331
3358410
18142912
1172647
52849634
403231
3482957
893654
1811360
18093157
213424
1712433
378128
692507
957704
9498419
3588682
1221849
52633179
2673673
96501
7701
70181
1036515
1357873
3334626
47597491
47647164
3417609
2206701
92056
3884245
23588600
3314718
659917
2831423
3568735
2209497
3483138
3565873
422172
232659
9310778
146595
22911686
5209631
230766
53767759
12667284
58910
3331414
12971695
3515030
3548958
17987150
397010
218356
53575901
1648575
6319964
21838194
3403487
1327851
13407419
22923820
3685588
1211847
936586
12539706
53768574
3588543
1553615
4597417
375635
251097
13516125
3444717
129816
1053222
274079
1704560
17951784
1406966
53929943
3565976
1600837
3484302
54388832
1122234
27305452
12518506
54514577
13111962
40277
2498126
694293
23208
42462507
10879268
3499591
1162945
53797462
992461
1196910
47697260
47258856
679438
34585928
3427729
1897790
21642081
11017948
3610101
2837010
3844172
42622466
29183947
55805725
11019018
46527328
495625
22158140
53822550
44400783
3328837
415718
51065184
5211733
22925824
3596453
4046287
3757554
50927104
3376341
24434588
3643057
3651782
1812091
29215565
1166987
12900519
3555844
22939381
53109594
9420640
18981901
2701048
49315839
3563288
12181157
3427730
54775212
47100612
41646886
11913133
3502995
9420893
3613187
5213896
351741
4399753
3213353
47514268
2760674
5206329
11696884
49444061
49508543
9421264
11698337
11556298
5194220
5205120
53416974
8864365
12182272
1534424
12417059
359115
1559089
1817508
530160
784466
304531
54488277
57453099
18154807
2945
759951
203164
5192317
12472425
47255357
103149
1202585
559735
476114
329275
47174716
154163
1572859
2771050
844657
792869
1880279
3531611
3576720
3385880
21666764
992156
1613170
47667733
756872
59840
1207329
1036740
3275348
1768704
12618017
506179
52659529
5217733
47754671
303426
5217732
1579510
6837792
671540
457278
1961745
169508
755377
5197289
163222
3519790
3519789
1902843
570199
3546908
10696385
747028
1889045
55249968
1234539
3342496
2689329
53656451
3580615
5207080
3140962
18211
194345
1246595
42333143
1564844
3479891
6574859
2846854
346546
1256211
24057532
1900833
3522199
323740
12611457
3328416
3367748
142565
812780
658924
432165
246783
2230407
3440299
32876
791772
3409123
444610
914986
866109
406378
903010
2128637
1025843
1109961
288370
53737008
725126
866097
471422
954619
1939141
3506604
783330
3665155
52539370
3338705
2046106
343120
4922637
365319
726183
22698305
1389904
620612
1152797
277402
289846
1287904
3357669
1420204
650423
10531225
3406449
1292661
3483850
12725702
229729
2363151
305534
120711
15091
101004
569814
53799773
3194557
1563082
233804
830780
336294
56480554
56580475
3502633
380983
45313881
545037
21966837
436459
50356480
1196723
819472
461690
1582722
284056
536392
3428868
879193
265611
177043
602962
13037935
21959178
5374840
2118068
21842471
47379659
13284327
47304979
2422957
188995
12732723
1008283
11020288
2082883
355910
69917
144213
1144593
275634
3532074
337584
367916
1827152
3699975
340066
53568284
2075149
1778389
880017
131246
53081356
49707592
3570158
608675
342085
77191
3514997
128946
3581549
53679446
52839722
1091638
339617
18999515
245099
18142567
893584
178942
412596
567732
21637813
600226
1187323
7004057
504168
1021984
447797
3413030
3503908
584348
481789
52672937
34547
1511870
1167079
3365551
906077
10890546
12683283
156586
2044552
751296
10411973
912599
148958
1251924
1029294
816159
930129
3506485
219934
3547565
896796
92836
3660064
214886
3572267
3572268
1890193
2030117
729216
91027
48846456
3435349
2524913
3388455
17918738
3326604
52493010
56317806
1325982
22729993
79661
164961
12709046
3580521
964299
3506344
47580924
1604678
3375496
134725
3595322
2537571
527020
348170
1145898
645225
3384624
3830849
22932915
3389012
12761070
140035
429938
331884
1600413
1551043
1919076
814291
2060505
7786371
1711483
206806
1486441
173623
1621114
271229
893975
54338421
673325
3698177
6362642
22693564
1695881
3479370
1891179
695625
3828675
245750
568450
988034
12540309
2013880
219944
74538
47394482
409943
1025204
2079239
10709794
10655145
979003
11649876
19845128
1633643
19337470
3483361
7635028
947915
3319840
3607237
3535970
47664963
2393188
47522197
11494262
47676257
562365
55363855
1360708
3484091
3607188
503003
686560
3543728
2053574
1902637
269374
2275634
3149341
2060568
9129223
45186618
3849378
13868
130112
1833575
303629
32951
2264498
13075455
3407807
1323377
3427543
665942
851261
2222664
2663660
18016062
52626035
2537175
1595458
119125
3472475
917732
18459965
174301
3576969
123912
1169588
10221541
548744
1554627
352445
18688330
3318312
12144131
3410070
456274
1957330
1776573
49948367
54794036
3462670
53818374
890763
134108
749857
1068217
521689
2215867
2179918
1195466
845604
3290407
1020329
6134271
654521
1163581
1352044
47436384
1935522
400242
290136
732356
1133440
53695705
3677922
1121896
12469343
3548692
3620646
3513325
796836
12731284
420541
12168108
13378138
415908
1526880
3631115
1967477
818714
1256419
1214787
772672
140836
133851
53736759
9427033
3463102
3609751
3579018
13434126
1463279
386271
3689134
11698338
128313
3181608
1327105
10615670
5212439
47755859
28112908
3639009
22509716
306254
12763775
3614564
525419
1279202
254366
55413465
1354793
12925057
1820647
76476
53393054
22343186
861879
853868
3831896
51734356
769523
12611432
294405
18982643
2040757
11644040
23704152
388165
428892
52780717
844608
47178527
1040256
1154039
53663037
3097091
361442
3312611
3619198
3576679
3313951
3522917
1542579
21728557
1814233
47108032
173520
23445882
1081993
21845479
995865
288263
55968854
931330
1060110
3612842
245913
3849019
56504399
2075321
1020603
1331466
3844045
10721
47688953
10673655
8957962
22911762
2322993
3365134
1477522
9067
2229726
12514080
3541213
53066102
3707
1835625
52625744
84674
21831153
1363627
283340
1108948
47454502
222719
1369515
1055661
3528869
393508
9420447
1562151
1355685
11641888
5899411
18521042
1410034
458197
47221382
2341760
603292
7184415
9422684
1738658
3373396
563056
913539
53606504
800538
1080682
18030556
2294814
982686
21782501
3583498
1836473
335567
1806885
535424
3850852
187645
110685
1289419
1409801
3546988
1108935
311232
304851
337342
1609685
363597
631064
190497
3384834
956622
4811973
238275
555972
5521341
538807
132256
2167764
23393748
738499
3365165
769046
3655426
154609
1448436
1270883
1867422
19625144
21643400
3362454
3561947
67293
1517464
3483920
1869412
375319
1428713
4273242
855168
8642
122911
52343306
810207
2502101
2345867
52276530
1679327
681814
197223
52244
1060460
10515064
2596453
847959
1789483
13063571
10226269
1902950
165695
1070461
678207
2118232
679254
1774733
805577
1801132
3460725
10832690
2017582
510891
13000375
431388
841527
756995
57139
18753528
338730
618265
749733
3616912
18048
2064329
1658051
47088595
197317
3320026
451267
3548609
51570631
57387
1441395
53763986
1101251
312686
283638
1348966
1180211
2175646
625168
3479853
18724137
1237200
899264
1818455
648278
3369544
7386
281220
2300845
510278
49871827
617170
1182344
3363810
10229
3849215
36883765
17929890
677661
52062874
883262
1601833
47402162
621866
707513
3622589
2056509
57516397
831998
2177497
8808739
17929651
358440
793658
53820102
3848992
1904755
1279944
13134401
1215516
36893720
1386358
3369845
3631117
177575
47496038
47332371
3631116
418185
12199229
125196
3454917
600183
1365333
822674
3406157
1068209
2516490
124749
3372827
681628
44771422
37374
10494350
875270
3631609
1412392
824895
1267490
3631118
23920
1291125
1617191
53143967
10523263
1449220
607991
2886084
3880890
3534714
3331905
52428545
965083
3405358
189101
34171113
2176709
1332512
52825580
3319081
157671
3334721
53431898
3326732
1935567
71009
862864
638189
1127556
2649104
1454908
2064139
3334509
53060523
47642312
947085
3658961
44426769
53698883
144920
1226691
10658889
3460100
1172352
2976412
23383418
1685510
515044
3434376
13134399
13134400
964584
943048
2375743
440269
3332281
17933784
443362
2152653
47370200
22083911
1166060
53662048
1644950
50159463
120620
558959
1450715
47409957
4878997
6834384
10657914
2461432
21666152
2284380
47542676
57256281
1918037
12708627
3403934
12972604
1686024
451060
3388439
201299
51633589
3570210
22556
756126
2342783
1924583
680998
232278
212448
419892
18109412
383220
3308147
13112810
1589887
483998
2062008
441321
1360766
3488815
23775682
12692311
2414290
151159
106283
2553939
3404278
445719
2517519
636250
3347220
3524895
23947252
611868
3586552
219477
61411
1310191
3351073
4053214
47702510
8998590
328666
147798
315147
1641210
53141172
42743712
3328418
3263419
1755296
1890406
370856
17993435
1577707
915622
3583661
3827787
43236874
654567
1471527
779073
5207024
5207025
22904556
1077758
581179
44226265
3639201
1640654
1498402
140385
2229702
3117210
748922
3314213
211034
24056500
3326979
50053636
4073920
1469896
1370505
18024467
3462474
1208217
1165461
1230956
353598
18142603
232436
23009499
624695
3616691
48688
996113
12529287
6867881
3683419
1936586
227422
749685
3495877
34086145
1103733
51819160
3388364
1102746
3477217
867063
1455110
1724460
3497416
56510144
3523418
457067
12926392
3440662
230437
2900817
2393529
53821713
21648169
1505233
440543
2211657
474364
47308468
54012
3519243
2024507
629554
3328274
492023
3496907
1223114
3511688
18975690
1522011
3358683
3487700
540755
3312977
1814728
727431
419072
2327058
306338
3577349
2787359
3646491
1989410
2268861
3448101
3216067
12542906
12662440
8766954
3431652
3382676
36764567
11651144
47749439
197898
47606922
1248877
765201
53667470
1692274
714492
530456
47186252
3382106
1348442
763382
3369545
1442048
2123657
250579
553019
3392877
53654048
1516049
50730494
837762
10822848
1611227
12550469
1610798
52993733
47192734
2757852
42156988
538724
2516642
3348570
47412273
3566789
1790063
2009194
3523855
3685347
316268
1046439
3480999
47485635
2302155
989632
1187838
3378745
2142247
3358522
2480552
3368853
3676583
381897
63039
1283521
23028234
1459797
169404
1098282
3377614
3689292
2465880
454971
2736017
558512
3373057
12978726
631600
3564811
1340777
47662949
1929916
1626699
1588678
936975
3810958
2532218
7040009
3636806
835700
47756005
52629093
15135
10918104
3363617
10234395
49363545
3224094
3386345
5195869
202264
8462272
1013412
1656084
3424157
70661
3657730
3360612
516334
2067893
17994150
3584883
1448277
21721272
120280
806489
248511
18109137
3843385
23410814
3913467
53442232
372047
3341986
242867
1113843
13450839
1094327
21804646
1404470
834808
3665056
2410387
1142993
3568835
3521333
18223137
1810936
591204
23629205
2718767
3640341
994841
17996840
931551
1558633
182819
3806910
329113
1922572
1014994
3636659
1393857
21794464
10506116
52643533
49825125
1026625
515846
